20
67 46 71 51 69 80 28 78 14 67 56 59 16 83 96 72 70 11 52 33
18 57 72 74 24 69 73 86 69 53 24 49 94 27 84 37 75 39 93 96
76 86 95 41 16 19 14 41 84 84 58 69 71 65 59 75 25 72 34 68
46 19 62 98 17 73 65 50 44 46 63 27 64 44 66 47 92 14 78 80
62 29 71 11 76 37 59 14 91 18 61 14 43 94 81 78 71 43 81 31
42 25 75 80 71 56 66 51 84 27 78 59 31 78 97 79 82 35 57 47
43 25 22 77 89 43 90 89 29 52 95 36 85 93 65 89 88 59 89 40
30 40 96 83 84 74 11 67 25 62 23 65 32 96 42 90 30 63 96 98
73 58 35 92 53 54 11 89 44 65 36 52 60 27 96 90 59 57 50 47
49 42 19 72 59 23 48 20 41 56 92 67 36 93 56 90 33 66 60 53
17 92 95 89 91 75 55 49 79 83 82 32 42 71 60 63 51 32 75 55
95 77 41 54 92 42 42 78 40 57 36 73 58 70 11 44 61 70 87 50
84 24 81 36 35 82 89 42 60 97 12 59 74 36 19 73 49 74 67 35
55 19 61 27 48 74 27 97 57 79 52 67 31 64 81 99 12 27 15 68
65 89 96 45 59 37 55 32 83 47 18 91 52 97 25 49 78 97 70 79
22 78 29 60 85 47 36 44 22 80 33 44 27 15 12 17 87 59 26 40
51 83 74 89 59 27 52 75 25 69 51 50 72 25 86 32 22 27 77 46
97 30 73 50 77 91 86 32 49 46 66 96 71 61 76 31 26 16 11 67
37 59 44 13 70 50 69 31 49 85 71 62 84 73 60 11 87 55 85 46
52 86 62 14 34 18 77 76 32 62 78 40 90 25 72 63 65 55 13 86
14 71 25 13 71 45 71 93 41 90 64 58 74 97 64 47 80 12 84 56 